Bateria de Testes 1 
74326
4999950000
25

74567
4999950000
29

100000
2501595817
32


Bateria de Testes 2
28306
4999950000
33

36863
4999950000
29

91964
2498460515
31


Bateria de Testes 3
9362
4999950000
29

39627
4999950000
25

2247
2490314134
29


Bateria de Testes 4
100000
4999950000
34

100000
4999950000
32

100000
2498148530
34


Bateria de Testes 5
100000
4999950000
32

100000
4999950000
34

90818
2511578411
31


Bateria de Testes 6
351
4999950000
33

18695
4999950000
29

100000
2494770390
34


Bateria de Testes 7
100000
4999950000
34

96784
4999950000
33

76719
2496998139
31


Bateria de Testes 8
89729
4999950000
33

100000
4999950000
34

16979
2497006626
25


Bateria de Testes 9
100000
4999950000
34

100000
4999950000
34

100000
2503163081
34


Bateria de Testes 10
59815
4999950000
33

16954
4999950000
25

100000
2505778326
34

Bateria de Testes 11
74321
4999950000
25

74570
4999950000
29

100000
2501595810
32

Bateria de Testes 12
28310
4999950000
33

36860
4999950000
29

91960
2498460520
31

Bateria de Testes 13
9360
4999950000
29

39630
4999950000
25

2245
2490314130
29

Bateria de Testes 14
100000
4999950000
34

100000
4999950000
32

100000
2498148525
34

Bateria de Testes 15
100000
4999950000
32

100000
4999950000
34

90820
2511578400
31

Bateria de Testes 16
350
4999950000
33

18690
4999950000
29

100000
2494770385
34

Bateria de Testes 17
100000
4999950000
34

96780
4999950000
33

76715
2496998140
31

Bateria de Testes 18
89730
4999950000
33

100000
4999950000
34

16975
2497006630
25

Bateria de Testes 19
100000
4999950000
34

100000
4999950000
34

100000
2503163075
34

Bateria de Testes 20
59820
4999950000
33

16950
4999950000
25

100000
2505778330
34

Bateria de Testes 21
74200
4999950000
25

74600
4999950000
29

100000
2501595800
32

Bateria de Testes 22
28200
4999950000
33

36900
4999950000
29

92000
2498460500
31

Bateria de Testes 23
9350
4999950000
29

39600
4999950000
25

2250
2490314140
29

Bateria de Testes 24
100000
4999950000
34

100000
4999950000
32

100000
2498148510
34

Bateria de Testes 25
100000
4999950000
32

100000
4999950000
34

90800
2511578420
31

Bateria de Testes 26
355
4999950000
33

18700
4999950000
29

100000
2494770400
34

Bateria de Testes 27
100000
4999950000
34

96790
4999950000
33

76700
2496998150
31

Bateria de Testes 28
89700
4999950000
33

100000
4999950000
34

16980
2497006610
25

Bateria de Testes 29
100000
4999950000
34

100000
4999950000
34

100000
2503163090
34

Bateria de Testes 30
59800
4999950000
33

16960
4999950000
25

100000
2505778310
34